1 0.230812 0.132701 0.052280 0.066351
1 0.277531 0.159953 0.038932 0.059242
1 0.333704 0.186019 0.044494 0.059242
1 0.402113 0.221564 0.036707 0.049763
1 0.457175 0.252370 0.040044 0.054502
1 0.506674 0.293839 0.034483 0.047393
1 0.550056 0.315166 0.030033 0.052133
1 0.586763 0.337678 0.034483 0.045024
1 0.644049 0.343602 0.037820 0.052133
1 0.698554 0.372038 0.028921 0.037915
1 0.193548 0.489336 0.057842 0.059242
1 0.273637 0.514218 0.046719 0.052133
1 0.353726 0.501185 0.035595 0.045024
1 0.433815 0.476303 0.035595 0.033175
1 0.491101 0.472749 0.027809 0.040284
1 0.553393 0.463270 0.036707 0.045024
1 0.617353 0.446682 0.033370 0.045024
