0 0.270857 0.438389 0.165740 0.142180
0 0.497775 0.542654 0.038932 0.052133
0 0.737486 0.486967 0.271413 0.244076
0 0.631813 0.520142 0.051168 0.063981
0 0.698554 0.536730 0.031146 0.049763
0 0.839266 0.559242 0.090100 0.085308
0 0.749722 0.639810 0.031146 0.037915
0 0.783092 0.632701 0.026696 0.042654
0 0.864294 0.633886 0.033370 0.035545
0 0.896552 0.629147 0.024472 0.040284
0 0.145717 0.511848 0.084538 0.094787
0 0.395996 0.618483 0.055617 0.066351
0 0.446051 0.616114 0.031146 0.066351
0 0.560623 0.599526 0.060067 0.066351
0 0.224138 0.613744 0.052280 0.061611
0 0.077308 0.638626 0.058954 0.068720
