0 0.203003 0.345972 0.036707 0.056872
0 0.096774 0.581754 0.040044 0.054502
0 0.268632 0.637441 0.034483 0.042654
0 0.349277 0.517773 0.037820 0.040284
0 0.581201 0.212085 0.052280 0.063981
0 0.917130 0.116114 0.061179 0.085308
0 0.418799 0.562796 0.025584 0.040284
0 0.355395 0.710900 0.027809 0.042654
0 0.408231 0.700237 0.022247 0.035545
0 0.438821 0.745261 0.021135 0.030806
0 0.474416 0.635071 0.027809 0.037915
0 0.503893 0.603081 0.026696 0.045024
0 0.535039 0.605450 0.024472 0.049763
0 0.610679 0.437204 0.037820 0.045024
0 0.876529 0.457346 0.040044 0.056872
0 0.842603 0.508294 0.036707 0.045024
0 0.818131 0.588863 0.034483 0.049763
0 0.797553 0.631517 0.028921 0.040284
0 0.633482 0.553318 0.030033 0.045024
0 0.652392 0.683649 0.027809 0.049763
0 0.555617 0.699052 0.018910 0.028436
0 0.576752 0.707346 0.018910 0.040284
0 0.497219 0.742891 0.022247 0.040284
0 0.475528 0.800948 0.021135 0.037915
0 0.535039 0.802133 0.020022 0.040284
0 0.657397 0.783175 0.024472 0.040284
0 0.792547 0.713270 0.025584 0.037915
