1 0.224138 0.497630 0.094549 0.042654
1 0.250278 0.440758 0.109010 0.037915
1 0.440489 0.418246 0.115684 0.035545
1 0.370412 0.495261 0.095662 0.042654
1 0.365962 0.518957 0.102336 0.028436
1 0.399889 0.527251 0.083426 0.040284
1 0.441602 0.556872 0.095662 0.028436
1 0.468854 0.568720 0.107898 0.033175
1 0.482202 0.629147 0.105673 0.030806
1 0.606785 0.545024 0.092325 0.042654
1 0.611791 0.574645 0.100111 0.021327
1 0.639600 0.475118 0.102336 0.035545
1 0.688543 0.422986 0.111235 0.035545
1 0.833704 0.449052 0.103448 0.059242
1 0.857063 0.496445 0.114572 0.040284
1 0.482202 0.503555 0.076752 0.068720
